000080
000100
000120
000150
000155
000210
000240
000270
000370
000500
000660
000670
000720
000810
000815
000880
00088K
000990
001040
00104K
001120
001430
001440
001450
001510
001680
001720
001740
001800
002020
002380
002790
002960
003030
003090
003160
003230
003240
003470
003490
003530
003540
003550
003570
003620
003670
003690
003850
004000
004020
004170
004370
004490
004800
004990
005070
005090
005180
005250
005300
005380
005385
005387
005440
005490
005690
005830
005850
005880
005930
005935
005940
006040
006110
006120
006260
006280
006340
006360
006400
006650
006800
00680K
007070
007310
007340
007660
007700
007810
008770
008930
009150
009155
009240
009420
009450
009540
009830
009970
010060
010120
010130
010140
010780
010950
011070
011170
011200
011210
011780
011790
011930
012330
012450
012510
012630
0126Z0
012750
014680
014820
015760
016360
016380
017670
017800
017960
018260
018670
018880
020150
020560
021240
022100
023530
023590
024110
025540
026960
028050
028260
028670
029780
030000
030190
030200
030610
031210
032350
032640
032830
033240
033780
034020
034220
034230
034730
035250
035420
035720
036460
036530
036570
039490
042660
042700
047040
047050
047810
051600
051900
051910
051915
052690
055550
057050
062040
064350
064400
064960
066570
066575
066970
068270
069260
069620
069960
071050
071055
071320
071970
073240
075580
077970
078930
079160
079550
079900
081660
082640
082740
085620
086280
086790
088350
088980
089860
090430
090460
093050
093370
096770
097230
097950
100090
100840
103140
103590
105560
108320
111770
112610
114090
120110
128940
137310
138040
138930
139130
139480
161390
161890
175330
178920
180640
181710
185750
192080
192400
192820
195870
204320
207940
214320
229640
241560
248070
249420
251270
259960
267250
267260
267270
271560
272210
278470
279570
280360
281820
282330
285130
294870
298020
298040
298050
300720
302440
307950
316140
317450
322000
323410
326030
329180
330590
336260
336370
352820
353200
361610
365550
373220
375500
377300
383220
395400
402340
415640
439260
443060
450080
451800
454910
456040
457190
462870
475150
483650
484870
489790
499790